$ 257 0.000005 10.20027730826997 50 5 43 5e-11
438 -544 -176 -512 -176 0 230 50 U1
466 -400 128 -16 480 0 12 11 0 2 1
w -448 -176 -352 112 0
w -320 112 -448 -144 0
467 208 -96 240 -64 1 1 0 0
467 240 16 272 48 1 2 0 0
467 224 144 256 176 1 3 0 0
467 224 288 256 320 1 4 1 0
467 224 384 256 416 1 5 1 0
467 224 512 256 544 1 6 1 0
467 240 608 272 640 1 7 0 0
468 656 -48 688 -16 1 1 0 0
468 672 144 704 176 1 2 0 0
468 704 288 736 320 1 3 0 0
468 720 416 752 448 1 4 0 0
w 240 -80 656 -32 0
w 672 160 272 32 0
w 256 160 704 304 0
w 720 432 256 304 0
w 720 432 256 400 0
w 256 528 720 432 0
w 272 624 720 432 0
