$ 257 0.00002 10.20027730826997 50 5 50
x 48 32 64 32 4 14 Pumpenanlage:\sHauptstromkreis\s/\sSteuerstromkreis\s/\sFUP
b 32 96 1424 880 0
x 48 128 64 128 4 22 Hauptstromkreis\s-\s400\sV\sDrehstrom
x 816 256 832 256 4 14 U1\s->\sF1\s->\sQ1\s->\sM1
x 816 288 832 288 4 14 M1:\s1,5\skW\s/\sSternschaltung
x 816 320 832 320 4 14 Q1:\sLeistungskontakte
x 816 352 832 352 4 14 Spule\sQ1\sim\sSteuerstromkreis
439 48 192 112 352 0 230 50 U1
481 544 224 672 352 1 8 8 F1 3.4 5 13 true
455 560 432 672 496 1 7 4 Q1
459 624 608 624 752 0 .435 .816 .0294 .0297 .0287 .08 .02 M1 1.5 .8
b 32 912 1424 2144 0
x 208 944 224 944 4 22 Steuerstromkreis\s-\s230\sV\sAC
x 208 976 224 976 4 14 S4\sEIN\s/\sS5\sAUS\s/\sB1\sMIN\s/\sB2\sMAX\s/\sB3\sBrunnen\s/\sF1\s/\sS7\sAuto\s/\sS0\sNot-Aus
448 208 1056 272 1120 0 1 true 64 64 S4 EIN
448 336 1056 400 1120 262144 1 true 64 64 S5 AUS
484 496 1056 544 1120 1 3 4 B1 Minimum 0 20 2 false false
484 656 1056 704 1120 3 3 4 B2 Maximum 1 90 2 false false
484 816 1056 864 1120 3 3 4 B3 Brunnen 2 0 0 false false
485 976 1056 1024 1120 3 3 4 F1 Schutzmeldung
444 1104 1056 1168 1120 0 0 false 64 64 S7 Auto
486 1248 1056 1312 1120 262144 1 false 64 64 S0 Not-Aus
466 304 1344 816 1696 0 16 11 1 0 1 A1
x 208 1888 224 1888 4 14 230-V-Lasten:\sSpule\sQ1\s/\sP3\sBetrieb\s/\sP4\sVoll\s/\sP5\sMin\s/\sP1\sBereit\s/\sP2\sStoerung\s/\sH1
454 208 1952 256 2000 1 3 3 Q1 15 230
450 336 1952 384 2000 81921 3 3 P3 3 230 Betrieb
450 464 1952 512 2000 81921 3 3 P4 3 230 Voll
450 592 1952 640 2000 81921 3 3 P5 3 230 Minimum
450 720 1952 768 2000 81921 3 3 P1 3 230 Bereit
450 848 1952 896 2000 81921 3 3 P2 3 230 Stoerung
451 976 1952 1024 2000 1 3 3 H1 8 230 Hupe
b 32 2208 1424 2944 0
x 48 2240 64 2240 4 22 FUP\s-\sProgramm\sder\sSPS\sA1
x 128 2272 144 2272 4 14 FUP\sselbst\serstellen\s/\sI\sund\sQ\sgehoeren\szu\sA1
467 128 2336 160 2368 1 1 0 0 A1
468 1008 2336 1040 2368 1 1 0 0 A1
467 128 2400 160 2432 1 2 0 0 A1
468 1008 2400 1040 2432 1 2 0 0 A1
467 128 2464 160 2496 1 3 0 0 A1
468 1008 2464 1040 2496 1 3 0 0 A1
467 128 2528 160 2560 1 4 0 0 A1
468 1008 2528 1040 2560 1 4 0 0 A1
467 128 2592 160 2624 1 5 0 0 A1
468 1008 2592 1040 2624 1 5 0 0 A1
467 128 2656 160 2688 1 6 0 0 A1
468 1008 2656 1040 2688 1 6 0 0 A1
467 128 2720 160 2752 1 7 0 0 A1
468 1008 2720 1040 2752 1 7 0 0 A1
467 128 2784 160 2816 1 8 0 0 A1
468 1008 2784 1040 2816 1 8 0 0 A1
