$ 257 0.00002 10.20027730826997 50 5 50
x 208 16 224 16 4 14 Tor-Beispiel\sRS\sSelbsthaltung
438 16 80 80 176 0 230.0 50.0 U1
466 208 80 720 432 0 16 11 1 0 1
440 112 80 112 16 0 0 L1 #8B4513
440 112 16 256 16 0 0 L1 #8B4513
440 256 16 256 64 0 0 L1 #8B4513
440 112 80 112 432 0 0 L1 #8B4513
440 112 432 240 432 0 0 L1 #8B4513
440 240 432 240 416 0 0 L1 #8B4513
440 240 432 304 432 0 0 L1 #8B4513
440 304 432 304 416 0 0 L1 #8B4513
440 304 432 368 432 0 0 L1 #8B4513
440 368 432 368 416 0 0 L1 #8B4513
440 368 432 432 432 0 0 L1 #8B4513
440 432 432 432 416 0 0 L1 #8B4513
440 432 432 496 432 0 0 L1 #8B4513
440 496 432 496 416 0 0 L1 #8B4513
440 496 432 560 432 0 0 L1 #8B4513
440 560 432 560 416 0 0 L1 #8B4513
440 112 112 144 112 0 3 N #1E90FF
440 144 112 144 0 0 3 N #1E90FF
440 144 0 288 0 0 3 N #1E90FF
440 288 0 288 64 0 3 N #1E90FF
440 144 112 144 608 0 3 N #1E90FF
x 352 -168 368 -168 4 14 Geber\sder\sAnlage\s(HMI)\s-\sSPS-Eingaenge
469 352 64 352 0 0 0 40 230 0 0 0.5 I1 Taster\sAUF
469 400 64 400 0 0 0 40 230 0 0 0.5 I2 Taster\sZU
469 448 64 448 0 0 0 40 230 0 0 0.5 I3 Taster\sSTOP
469 496 64 496 0 0 0 40 230 0 0 0.5 I4 S1\soben
469 544 64 544 0 0 0 40 230 0 0 0.5 I5 S2\sunten
469 592 64 592 0 0 0 40 230 0 0 0.5 I6 B1\sLichtschranke
469 640 64 640 0 0 0 40 230 0 0 0.5 I7 Sicherheitsleiste
469 688 64 688 0 0 0 40 230 0 0 0.5 I8 Not-Aus
x 48 448 64 448 4 14 Ausgaenge\sder\sAnlage\s(HMI)
470 272 416 272 464 4 Q1 Motor\sAUF
470 336 416 336 464 4 Q2 Motor\sZU
470 400 416 400 464 4 Q3 Ampel\sgelb
470 464 416 464 464 4 Q4 Hupe\s/\sStoerung
470 528 416 528 464 4 Q5 Ampel\srot
470 592 416 592 464 4 Q6 Ampel\sgruen
r 272 416 272 608 0 10000
r 336 416 336 608 0 10000
r 400 416 400 608 0 10000
r 464 416 464 608 0 10000
r 528 416 528 608 0 10000
r 592 416 592 608 0 10000
440 144 608 272 608 0 3 N #1E90FF
440 272 608 336 608 0 3 N #1E90FF
440 336 608 400 608 0 3 N #1E90FF
440 400 608 464 608 0 3 N #1E90FF
440 464 608 528 608 0 3 N #1E90FF
440 528 608 592 608 0 3 N #1E90FF
x 752 0 768 0 4 14 Netzwerk\s1:\sMotor\sAUF
467 768 32 800 64 1 4 0 0
I 800 48 848 48 0 0.5 5
w 848 48 880 48 0
w 880 48 880 64 0
w 880 64 896 64 0
467 768 64 800 96 1 1 0 0
w 800 80 896 80 0
467 768 112 800 144 1 8 0 0
w 800 128 856 128 0
w 856 128 856 96 0
w 856 96 896 96 0
150 896 80 992 80 0 3 0 5
467 768 144 800 176 1 7 0 0
I 800 160 848 160 0 0.5 5
w 848 160 896 160 0
w 1264 336 1264 400 0
w 1264 336 864 336 0
w 864 336 864 128 0
w 864 128 896 128 0
150 896 144 992 144 0 2 0 5
w 992 80 1000 80 0
w 1000 80 1000 96 0
w 1000 96 1008 96 0
w 992 144 1000 144 0
w 1000 144 1000 128 0
w 1000 128 1008 128 0
152 1008 112 1056 112 0 2 0 5
w 1056 112 1064 112 0
w 1064 112 1064 96 0
w 1064 96 1072 96 0
467 768 176 800 208 1 8 0 0
I 800 192 848 192 0 0.5 5
w 848 192 944 192 0
w 944 192 944 208 0
w 944 208 976 208 0
467 768 224 800 256 1 3 0 0
w 800 240 928 240 0
w 928 240 928 224 0
w 928 224 976 224 0
467 768 272 800 304 1 4 0 0
w 800 288 912 288 0
w 912 288 912 256 0
w 912 256 976 256 0
467 816 304 848 336 1 7 0 0
w 848 320 896 320 0
w 864 336 864 288 0
w 864 288 896 288 0
150 896 304 960 304 0 2 0 5
w 960 304 968 304 0
w 968 304 968 272 0
w 968 272 976 272 0
152 976 240 1056 240 0 4 0 5
w 1056 240 1064 240 0
w 1064 240 1064 128 0
w 1064 128 1072 128 0
437 1072 80 1120 144 7 0 3 4
x 1080 64 1096 64 4 12 RS\sAUF
w 1136 96 1200 96 0
w 1200 96 1248 96 0
468 1200 80 1232 112 1 1 0 0

x 752 352 768 352 4 14 Netzwerk\s2:\sMotor\sZU
467 768 368 800 400 1 2 0 0
w 800 384 896 384 0
467 816 384 848 416 1 5 0 0
I 848 400 880 400 0 0.5 5
w 880 400 896 400 0
467 768 400 800 432 1 6 0 0
w 800 416 896 416 0
467 816 416 848 448 1 7 0 0
w 848 432 896 432 0
467 768 432 800 464 1 8 0 0
w 800 448 896 448 0
150 896 416 992 416 0 5 0 5
w 992 416 1040 416 0
w 1040 416 1040 464 0
w 1040 464 1072 464 0
467 768 528 800 560 1 3 0 0
w 800 544 896 544 0
467 816 544 848 576 1 5 0 0
w 848 560 896 560 0
467 768 560 800 592 1 6 0 0
I 800 576 848 576 0 0.5 5
w 848 576 896 576 0
467 816 592 848 624 1 7 0 0
I 848 608 880 608 0 0.5 5
w 880 608 896 608 0
467 768 608 800 640 1 8 0 0
I 800 624 848 624 0 0.5 5
w 848 624 896 624 0
w 1248 96 1248 192 0
w 1248 192 1248 352 0
w 1248 352 1248 640 0
w 1248 640 896 640 0
152 896 592 992 592 0 6 0 5
w 992 592 1040 592 0
w 1040 592 1040 496 0
w 1040 496 1072 496 0
437 1072 448 1120 512 7 0 3 4
x 1080 432 1096 432 4 12 RS\sZU
w 1136 464 1200 464 0
w 1200 464 1264 464 0
468 1200 448 1232 480 1 2 0 0

x 1280 16 1296 16 4 14 Netzwerk\s3:\sFahrt\sund\sStoerung
w 1248 96 1304 96 0
w 1304 96 1304 80 0
w 1304 80 1328 80 0
w 1264 112 1264 224 0
w 1264 112 1328 112 0
152 1328 96 1408 96 0 2 0 5
w 1408 96 1440 96 0
468 1440 80 1472 112 1 3 0 0
w 1248 192 1328 192 0
w 1264 224 1264 336 0
w 1264 224 1328 224 0
150 1328 208 1408 208 0 2 0 5
w 1408 208 1416 208 0
w 1416 208 1416 224 0
w 1416 224 1424 224 0
467 1296 240 1328 272 1 8 0 0
I 1328 256 1392 256 0 0.5 5
w 1392 256 1424 256 0
152 1424 240 1472 240 0 2 0 5
w 1472 240 1504 240 0
468 1504 224 1536 256 1 4 0 0

x 1280 320 1296 320 4 14 Netzwerk\s4:\sAmpel\sRuhezustand
I 1248 352 1296 352 0 0.5 5
I 1264 400 1312 400 0 0.5 5
w 1264 400 1264 464 0
w 1296 352 1344 352 0
w 1344 352 1344 464 0
w 1344 464 1392 464 0
w 1312 400 1360 400 0
w 1360 400 1360 480 0
w 1360 480 1392 480 0
467 1280 480 1312 512 1 4 0 0
I 1312 496 1360 496 0 0.5 5
w 1360 496 1392 496 0
150 1392 480 1472 480 0 3 0 5
w 1472 480 1504 480 0
468 1504 464 1536 496 1 5 0 0
w 1344 464 1344 576 0
w 1344 576 1392 576 0
w 1360 480 1360 592 0
w 1360 592 1392 592 0
467 1280 592 1312 624 1 4 0 0
w 1312 608 1392 608 0
150 1392 592 1472 592 0 3 0 5
w 1472 592 1504 592 0
468 1504 576 1536 608 1 6 0 0
