$ 257 0.00002 10.20027730826997 50 5 50
x 208 16 224 16 4 14 Tor-Beispiel\sRS\sSelbsthaltung
438 16 80 80 176 0 230.0 50.0 U1
466 208 80 720 432 0 16 11 1 0 1
440 112 80 112 16 0 0 L1 #8B4513
440 112 16 256 16 0 0 L1 #8B4513
440 256 16 256 64 0 0 L1 #8B4513
440 112 80 112 432 0 0 L1 #8B4513
440 112 432 240 432 0 0 L1 #8B4513
440 240 432 240 416 0 0 L1 #8B4513
440 240 432 304 432 0 0 L1 #8B4513
440 304 432 304 416 0 0 L1 #8B4513
440 304 432 368 432 0 0 L1 #8B4513
440 368 432 368 416 0 0 L1 #8B4513
440 368 432 432 432 0 0 L1 #8B4513
440 432 432 432 416 0 0 L1 #8B4513
440 432 432 496 432 0 0 L1 #8B4513
440 496 432 496 416 0 0 L1 #8B4513
440 496 432 560 432 0 0 L1 #8B4513
440 560 432 560 416 0 0 L1 #8B4513
440 560 432 624 432 0 0 L1 #8B4513
440 624 432 624 416 0 0 L1 #8B4513
440 624 432 688 432 0 0 L1 #8B4513
440 688 432 688 416 0 0 L1 #8B4513
440 112 112 144 112 0 3 N #1E90FF
440 144 112 144 0 0 3 N #1E90FF
440 144 0 288 0 0 3 N #1E90FF
440 288 0 288 64 0 3 N #1E90FF
440 144 112 144 608 0 3 N #1E90FF
x 352 -168 368 -168 4 14 Geber\sder\sAnlage\s(HMI)\s-\sSPS-Eingaenge
469 352 64 352 0 0 0 40 230 0 0 0.5 I1 Taster\sAUF
469 400 64 400 0 0 0 40 230 0 0 0.5 I2 Taster\sZU
469 448 64 448 0 0 0 40 230 0 0 0.5 I3 Taster\sSTOP
469 496 64 496 0 0 0 40 230 0 0 0.5 I4 S1\soben
469 544 64 544 0 0 0 40 230 0 0 0.5 I5 S2\sunten
469 592 64 592 0 0 0 40 230 0 0 0.5 I6 B1\sLichtschranke
469 640 64 640 0 0 0 40 230 0 0 0.5 I7 Sicherheitsleiste
469 688 64 688 0 0 0 40 230 0 0 0.5 I8 Not-Aus
x 48 448 64 448 4 14 Ausgaenge\sder\sAnlage\s(HMI)
470 272 416 272 464 4 Q1 Motor\sAUF
470 336 416 336 464 4 Q2 Motor\sZU
470 400 416 400 464 4 Q3 Ampel\sgelb
470 464 416 464 464 4 Q4 Hupe\s/\sStoerung
470 528 416 528 464 4 Q5 Ampel\srot
470 592 416 592 464 4 Q6 Ampel\sgruen
470 656 416 656 464 4 Q7 P1\sgruen
470 720 416 720 464 4 Q8 P2\srot
r 272 416 272 608 0 10000
r 336 416 336 608 0 10000
r 400 416 400 608 0 10000
r 464 416 464 608 0 10000
r 528 416 528 608 0 10000
r 592 416 592 608 0 10000
r 656 416 656 608 0 10000
r 720 416 720 608 0 10000
440 144 608 272 608 0 3 N #1E90FF
440 272 608 336 608 0 3 N #1E90FF
440 336 608 400 608 0 3 N #1E90FF
440 400 608 464 608 0 3 N #1E90FF
440 464 608 528 608 0 3 N #1E90FF
440 528 608 592 608 0 3 N #1E90FF
440 592 608 656 608 0 3 N #1E90FF
440 656 608 720 608 0 3 N #1E90FF

x 160 688 176 688 4 14 Netzwerk\s1:\sMotor\sAUF
467 176 720 208 752 1 4 0 0
w 208 736 224 736 0
I 224 736 272 736 0 0.5 5
w 272 736 320 736 0
w 320 736 320 768 0
w 320 768 352 768 0
467 176 768 208 800 1 1 0 0
w 208 784 352 784 0
467 176 816 208 848 1 8 0 0
w 208 832 336 832 0
w 336 832 336 800 0
w 336 800 352 800 0
150 352 784 448 784 0 3 0 5
w 448 784 464 784 0
w 464 784 464 816 0
w 464 816 480 816 0
467 176 864 208 896 1 7 0 0
w 208 880 224 880 0
I 224 880 272 880 0 0.5 5
w 208 832 304 832 0
w 304 832 304 864 0
w 304 864 352 864 0
w 272 880 320 880 0
w 320 880 320 896 0
w 320 896 352 896 0
150 352 880 448 880 0 2 0 5
w 448 880 464 880 0
w 464 880 464 848 0
w 464 848 480 848 0
152 480 832 528 832 0 2 0 5
w 528 832 560 832 0
w 560 832 560 816 0
w 560 816 576 816 0
w 208 832 240 832 0
w 240 832 240 960 0
w 240 960 256 960 0
I 256 960 304 960 0 0.5 5
w 304 960 416 960 0
w 416 960 416 976 0
w 416 976 448 976 0
467 176 976 208 1008 1 3 0 0
w 208 992 448 992 0
w 208 736 288 736 0
w 288 736 288 1024 0
w 288 1024 448 1024 0
w 128 1056 352 1056 0
w 208 880 304 880 0
w 304 880 304 1088 0
w 304 1088 352 1088 0
150 352 1072 416 1072 0 2 0 5
w 416 1072 432 1072 0
w 432 1072 432 1040 0
w 432 1040 448 1040 0
152 448 1008 528 1008 0 4 0 5
w 528 1008 544 1008 0
w 544 1008 544 848 0
w 544 848 576 848 0
437 576 800 624 864 7 0 3 4
x 584 784 600 784 4 12 RS\sAUF
w 640 816 704 816 0
w 704 816 704 784 0
w 704 784 736 784 0
w 704 816 832 816 0
468 736 768 768 800 1 1 0 0

x 160 1152 176 1152 4 14 Netzwerk\s2:\sMotor\sZU
467 176 1184 208 1216 1 2 0 0
w 208 1200 304 1200 0
w 304 1200 304 1216 0
w 304 1216 352 1216 0
467 176 1232 208 1264 1 5 0 0
w 208 1248 224 1248 0
I 224 1248 272 1248 0 0.5 5
w 272 1248 320 1248 0
w 320 1248 320 1232 0
w 320 1232 352 1232 0
467 176 1280 208 1312 1 6 0 0
w 208 1296 336 1296 0
w 336 1296 336 1248 0
w 336 1248 352 1248 0
467 176 1328 208 1360 1 7 0 0
w 208 1344 320 1344 0
w 320 1344 320 1264 0
w 320 1264 352 1264 0
467 176 1376 208 1408 1 8 0 0
w 208 1392 304 1392 0
w 304 1392 304 1280 0
w 304 1280 352 1280 0
150 352 1248 448 1248 0 5 0 5
w 448 1248 560 1248 0
w 560 1248 560 1360 0
w 560 1360 576 1360 0
467 176 1424 208 1456 1 3 0 0
w 208 1440 320 1440 0
w 320 1440 320 1488 0
w 320 1488 352 1488 0
w 208 1248 216 1248 0
w 216 1248 216 1504 0
w 216 1504 352 1504 0
w 208 1296 240 1296 0
w 240 1296 240 1520 0
w 240 1520 256 1520 0
I 256 1520 304 1520 0 0.5 5
w 304 1520 352 1520 0
w 208 1344 248 1344 0
w 248 1344 248 1552 0
w 248 1552 256 1552 0
I 256 1552 304 1552 0 0.5 5
w 304 1552 352 1552 0
w 208 1392 240 1392 0
w 240 1392 240 1472 0
I 240 1472 288 1472 0 0.5 5
w 288 1472 336 1472 0
w 336 1472 336 1568 0
w 336 1568 352 1568 0
w 832 1584 352 1584 0
152 352 1536 448 1536 0 6 0 5
w 448 1536 544 1536 0
w 544 1536 544 1392 0
w 544 1392 576 1392 0
437 576 1344 624 1408 7 0 3 4
x 584 1328 600 1328 4 12 RS\sZU
w 640 1360 704 1360 0
w 704 1360 704 1328 0
w 704 1328 736 1328 0
w 704 1360 704 1624 0
w 704 1624 128 1624 0
468 736 1312 768 1344 1 2 0 0

w 832 816 832 1584 0
w 832 1584 832 1728 0
w 832 1728 832 1808 0
w 832 1808 832 2032 0
w 128 1056 128 1624 0
w 128 1624 128 1760 0
w 128 1760 128 1840 0
w 128 1840 128 2080 0
x 816 720 832 720 4 12 Q1\sSignal
x 112 1008 128 1008 4 12 Q2\sSignal

x 160 1664 176 1664 4 14 Netzwerk\s3:\sFahrt\sund\sStoerung
w 832 1728 352 1728 0
w 128 1760 352 1760 0
152 352 1744 416 1744 0 2 0 5
w 416 1744 480 1744 0
468 480 1728 512 1760 1 3 0 0
w 832 1808 352 1808 0
w 128 1840 352 1840 0
150 352 1824 416 1824 0 2 0 5
w 416 1824 448 1824 0
w 448 1824 448 1840 0
w 448 1840 464 1840 0
467 176 1856 208 1888 1 8 0 0
w 208 1872 224 1872 0
I 224 1872 272 1872 0 0.5 5
w 272 1872 464 1872 0
152 464 1856 528 1856 0 2 0 5
w 528 1856 592 1856 0
468 592 1840 624 1872 1 4 0 0

x 160 1952 176 1952 4 14 Netzwerk\s4:\sAmpel\sRuhezustand
w 832 2032 320 2032 0
I 320 2032 368 2032 0 0.5 5
w 128 2080 320 2080 0
I 320 2080 368 2080 0 0.5 5
467 176 2128 208 2160 1 4 0 0
w 208 2144 224 2144 0
I 224 2144 272 2144 0 0.5 5
w 368 2032 432 2032 0
w 432 2032 432 2048 0
w 432 2048 480 2048 0
w 368 2080 448 2080 0
w 448 2080 448 2064 0
w 448 2064 480 2064 0
w 272 2144 416 2144 0
w 416 2144 416 2080 0
w 416 2080 480 2080 0
150 480 2064 560 2064 0 3 0 5
w 560 2064 624 2064 0
468 624 2048 656 2080 1 5 0 0
w 368 2032 400 2032 0
w 400 2032 400 2144 0
w 400 2144 480 2144 0
w 368 2080 432 2080 0
w 432 2080 432 2160 0
w 432 2160 480 2160 0
w 208 2144 304 2144 0
w 304 2144 304 2176 0
w 304 2176 480 2176 0
150 480 2160 560 2160 0 3 0 5
w 560 2160 624 2160 0
468 624 2144 656 2176 1 6 0 0
