$ 257 0.00002 10.20027730826997 50 5 50
x 48 32 64 32 4 22 Rolltor:\s400\sV\sHauptstromkreis\s/\s230\sV\sSteuerstromkreis
b 32 96 1648 912 0
x 48 128 64 128 4 22 Hauptstromkreis\s-\sWendeschaltung
439 48 192 112 352 0 230 50 U1
481 640 224 768 352 1 8 8 F1 3.4 5 13 true
455 432 448 544 512 1 7 4 Q1
455 912 448 1024 512 1 7 4 Q2
459 704 640 704 784 0 .435 .816 .0294 .0297 .0287 .08 .02 M1 1.5 .8
x 432 416 448 416 4 14 Q1\sAUF
x 912 416 928 416 4 14 Q2\sZU\s-\sL1/L3\svertauscht
x 1168 640 1184 640 4 14 M1:\s1,5\skW\s/\sStern
x 1168 672 1184 672 4 14 Spulen\s+\sVerriegelung\sim\sSteuerkreis
b 32 944 1648 2688 0
x 48 976 64 976 4 22 Steuerstromkreis\s-\s230\sV\sAC
x 48 1008 64 1008 4 14 I3\sSTOP,\sI6\sLichtschranke,\sI7\sLeiste\sund\sI8\sNot-Aus:\s1\s=\sfreigegeben
448 176 1104 240 1168 0 1 true 64 64 S4 AUF
448 336 1104 400 1168 0 1 true 64 64 S5 ZU
448 496 1104 560 1168 262144 1 true 64 64 S6 STOP
487 672 1104 720 1168 1 3 4 S1 Oben 0 99.5 1 false false
487 832 1104 880 1168 1 3 4 S2 Unten 1 .5 1 false false
488 1008 1104 1056 1168 1 3 4 B1 Lichtschranke 0 0 0 false false
487 1216 1104 1264 1168 3 3 4 B2 Leiste 2 0 0 false false
486 1424 1104 1488 1168 262144 1 false 64 64 S0 Not-Aus
466 432 1488 944 1840 0 16 11 1 0 1 A1
x 176 2048 192 2048 4 14 Spulen\sQ1/Q2:\s230\sV\sAC,\selektrisch\sgegenseitig\sverriegelt
456 208 2144 256 2208 3 3 4 Q2 2
456 384 2144 432 2208 3 3 4 Q1 2
454 208 2288 256 2336 1 3 3 Q1 15 230
454 384 2288 432 2336 1 3 3 Q2 15 230
485 64 2400 112 2464 3 3 4 F1 Schutzmeldung
450 560 2288 608 2336 81921 3 3 P3 3 230 Fahrt
450 736 2288 784 2336 81921 3 3 P4 3 230 Stoerung
450 912 2288 960 2336 81921 3 3 P5 3 230 Rot
450 1088 2288 1136 2336 81921 3 3 P6 3 230 Gruen
450 1264 2288 1312 2336 81921 3 3 P1 3 230 Bereit
450 1440 2288 1488 2336 81921 3 3 P2 3 230 Stoerung
451 736 2512 784 2560 1 3 3 H1 8 230 Hupe
440 144 192 192 192 0 0 L1 #8B4513
440 192 192 192 160 0 0 L1 #8B4513
440 192 160 672 160 0 0 L1 #8B4513
440 672 160 672 208 0 0 L1 #8B4513
440 464 368 672 368 0 0 L1 #8B4513
440 672 368 1008 368 0 0 L1 #8B4513
440 672 352 672 368 0 0 L1 #8B4513
440 464 368 464 432 0 0 L1 #8B4513
440 1008 368 1008 432 0 0 L1 #8B4513
440 144 224 208 224 0 1 L2 #0A0A0A
440 208 224 208 176 0 1 L2 #0A0A0A
440 208 176 720 176 0 1 L2 #0A0A0A
440 720 176 720 208 0 1 L2 #0A0A0A
440 496 384 720 384 0 1 L2 #0A0A0A
440 720 384 976 384 0 1 L2 #0A0A0A
440 720 352 720 384 0 1 L2 #0A0A0A
440 496 384 496 432 0 1 L2 #0A0A0A
440 976 384 976 432 0 1 L2 #0A0A0A
440 144 256 224 256 0 2 L3 #808080
440 224 256 224 192 0 2 L3 #808080
440 224 192 768 192 0 2 L3 #808080
440 768 192 768 208 0 2 L3 #808080
440 528 400 768 400 0 2 L3 #808080
440 768 400 944 400 0 2 L3 #808080
440 768 352 768 400 0 2 L3 #808080
440 528 400 528 432 0 2 L3 #808080
440 944 400 944 432 0 2 L3 #808080
440 464 544 672 544 0 0 L1 #8B4513
440 672 544 944 544 0 0 L1 #8B4513
440 464 512 464 544 0 0 L1 #8B4513
440 944 512 944 544 0 0 L1 #8B4513
440 672 544 672 640 0 0 L1 #8B4513
440 672 784 672 864 0 0 L1 #8B4513
440 496 568 704 568 0 1 L2 #0A0A0A
440 704 568 976 568 0 1 L2 #0A0A0A
440 496 512 496 568 0 1 L2 #0A0A0A
440 976 512 976 568 0 1 L2 #0A0A0A
440 704 568 704 640 0 1 L2 #0A0A0A
440 704 784 704 864 0 0 L1 #8B4513
440 528 592 736 592 0 2 L3 #808080
440 736 592 1008 592 0 2 L3 #808080
440 528 512 528 592 0 2 L3 #808080
440 1008 512 1008 592 0 2 L3 #808080
440 736 592 736 640 0 2 L3 #808080
440 736 784 736 864 0 0 L1 #8B4513
440 672 864 704 864 0 0 L1 #8B4513
440 704 864 736 864 0 0 L1 #8B4513
207 144 192 112 192 4 NET_L1
207 144 288 112 288 4 NET_N
207 80 1056 48 1056 4 NET_L1
440 80 1056 208 1056 0 0 L1 #8B4513
440 208 1056 368 1056 0 0 L1 #8B4513
440 368 1056 704 1056 0 0 L1 #8B4513
440 704 1056 864 1056 0 0 L1 #8B4513
440 864 1056 1040 1056 0 0 L1 #8B4513
440 1040 1056 1248 1056 0 0 L1 #8B4513
440 208 1056 208 1088 0 0 L1 #8B4513
440 208 1184 208 1232 0 0 L1 #8B4513
440 208 1232 576 1232 0 0 L1 #8B4513
440 576 1232 576 1472 0 0 L1 #8B4513
440 368 1056 368 1088 0 0 L1 #8B4513
440 368 1184 368 1256 0 0 L1 #8B4513
440 368 1256 624 1256 0 0 L1 #8B4513
440 624 1256 624 1472 0 0 L1 #8B4513
440 528 1184 528 1280 0 0 L1 #8B4513
440 528 1280 672 1280 0 0 L1 #8B4513
440 672 1280 672 1472 0 0 L1 #8B4513
440 704 1056 704 1088 0 0 L1 #8B4513
440 704 1168 704 1304 0 0 L1 #8B4513
440 704 1304 720 1304 0 0 L1 #8B4513
440 720 1304 720 1472 0 0 L1 #8B4513
440 864 1056 864 1088 0 0 L1 #8B4513
440 864 1168 864 1328 0 0 L1 #8B4513
440 864 1328 768 1328 0 0 L1 #8B4513
440 768 1328 768 1472 0 0 L1 #8B4513
440 1040 1056 1040 1088 0 0 L1 #8B4513
440 1040 1168 1040 1352 0 0 L1 #8B4513
440 1040 1352 816 1352 0 0 L1 #8B4513
440 816 1352 816 1472 0 0 L1 #8B4513
440 1248 1056 1248 1088 0 0 L1 #8B4513
440 1248 1168 1248 1376 0 0 L1 #8B4513
440 1248 1376 864 1376 0 0 L1 #8B4513
440 864 1376 864 1472 0 0 L1 #8B4513
440 1456 1184 1456 1400 0 0 L1 #8B4513
440 1456 1400 912 1400 0 0 L1 #8B4513
440 912 1400 912 1472 0 0 L1 #8B4513
440 80 1056 80 1440 0 0 L1 #8B4513
440 80 1440 480 1440 0 0 L1 #8B4513
440 480 1440 480 1472 0 0 L1 #8B4513
207 512 1472 480 1472 4 NET_N
207 960 1088 928 1088 4 NET_L1
207 960 1168 928 1168 4 NET_N
207 80 1872 48 1872 4 ESTOP_L
440 80 1872 464 1872 0 0 L1 #8B4513
440 464 1872 528 1872 0 0 L1 #8B4513
207 608 1872 576 1872 4 NET_L1
440 592 1872 608 1872 0 0 L1 #8B4513
440 608 1872 656 1872 0 0 L1 #8B4513
440 656 1872 720 1872 0 0 L1 #8B4513
440 720 1872 784 1872 0 0 L1 #8B4513
440 784 1872 848 1872 0 0 L1 #8B4513
440 848 1872 912 1872 0 0 L1 #8B4513
440 464 1872 464 1824 0 0 L1 #8B4513
440 528 1872 528 1824 0 0 L1 #8B4513
440 592 1872 592 1824 0 0 L1 #8B4513
440 656 1872 656 1824 0 0 L1 #8B4513
440 720 1872 720 1824 0 0 L1 #8B4513
440 784 1872 784 1824 0 0 L1 #8B4513
440 848 1872 848 1824 0 0 L1 #8B4513
440 912 1872 912 1824 0 0 L1 #8B4513
440 496 1824 496 1904 0 0 L1 #8B4513
440 496 1904 240 1904 0 0 L1 #8B4513
440 240 1904 240 2128 0 0 L1 #8B4513
440 560 1824 560 1920 0 0 L1 #8B4513
440 560 1920 416 1920 0 0 L1 #8B4513
440 416 1920 416 2128 0 0 L1 #8B4513
440 624 1824 624 1936 0 0 L1 #8B4513
440 624 1936 592 1936 0 0 L1 #8B4513
440 592 1936 592 2224 0 0 L1 #8B4513
440 592 2224 592 2272 0 0 L1 #8B4513
440 688 1824 688 1952 0 0 L1 #8B4513
440 688 1952 768 1952 0 0 L1 #8B4513
440 768 1952 768 2224 0 0 L1 #8B4513
440 768 2224 768 2272 0 0 L1 #8B4513
440 752 1824 752 1968 0 0 L1 #8B4513
440 752 1968 944 1968 0 0 L1 #8B4513
440 944 1968 944 2224 0 0 L1 #8B4513
440 944 2224 944 2272 0 0 L1 #8B4513
440 816 1824 816 1984 0 0 L1 #8B4513
440 816 1984 1120 1984 0 0 L1 #8B4513
440 1120 1984 1120 2224 0 0 L1 #8B4513
440 1120 2224 1120 2272 0 0 L1 #8B4513
440 880 1824 880 2000 0 0 L1 #8B4513
440 880 2000 1296 2000 0 0 L1 #8B4513
440 1296 2000 1296 2224 0 0 L1 #8B4513
440 1296 2224 1296 2272 0 0 L1 #8B4513
440 944 1824 944 2016 0 0 L1 #8B4513
440 944 2016 1472 2016 0 0 L1 #8B4513
440 1472 2016 1472 2224 0 0 L1 #8B4513
440 1472 2224 1472 2272 0 0 L1 #8B4513
440 240 2208 240 2272 0 0 L1 #8B4513
440 416 2208 416 2272 0 0 L1 #8B4513
207 1456 1184 1488 1184 4 ESTOP_L
207 96 2384 64 2384 4 NET_L1
207 96 2464 64 2464 4 F1_L
207 528 1088 496 1088 4 F1_L
207 528 1184 496 1184 4 STOP_L
207 1456 1088 1424 1088 4 STOP_L
440 240 2368 416 2368 0 3 N #1E90FF
440 240 2336 240 2368 0 3 N #1E90FF
440 416 2336 416 2368 0 3 N #1E90FF
207 240 2368 208 2368 4 NET_N
207 592 2336 560 2336 4 NET_N
207 768 2336 736 2336 4 NET_N
207 944 2336 912 2336 4 NET_N
207 1120 2336 1088 2336 4 NET_N
207 1296 2336 1264 2336 4 NET_N
207 1472 2336 1440 2336 4 NET_N
440 768 2224 816 2224 0 0 L1 #8B4513
440 816 2224 816 2464 0 0 L1 #8B4513
440 816 2464 752 2464 0 0 L1 #8B4513
440 752 2464 752 2496 0 0 L1 #8B4513
207 784 2496 816 2496 4 NET_N
x 80 2784 96 2784 4 18 Freigabe
150 608 2912 704 2912 0 2 0 5
467 128 2832 160 2864 1 3 0 0 A1
w 160 2848 320 2848 0
w 320 2848 320 2896 0
w 320 2896 608 2896 0
467 128 2896 160 2928 1 8 0 0 A1
w 160 2912 352 2912 0
w 352 2912 352 2928 0
w 352 2928 608 2928 0
w 704 2912 768 2912 0
207 768 2912 800 2912 4 FUP_Freigabe
x 944 2784 960 2784 4 18 Start\sAUF
150 1472 2976 1568 2976 0 4 0 5
467 992 2832 1024 2864 1 1 0 0 A1
w 1024 2848 1184 2848 0
w 1184 2848 1184 2944 0
w 1184 2944 1472 2944 0
467 992 2896 1024 2928 1 4 0 0 A1
I 1056 2912 1104 2912 0 0.5 5
w 1024 2912 1056 2912 0
w 1104 2912 1216 2912 0
w 1216 2912 1216 2960 0
w 1216 2960 1472 2960 0
467 992 2960 1024 2992 1 2 0 0 A1
I 1056 2976 1104 2976 0 0.5 5
w 1024 2976 1056 2976 0
w 1104 2976 1248 2976 0
w 1248 2976 1248 2992 0
w 1248 2992 1472 2992 0
207 1024 3040 992 3040 4 FUP_Freigabe
w 1024 3040 1280 3040 0
w 1280 3040 1280 3008 0
w 1280 3008 1472 3008 0
w 1568 2976 1632 2976 0
207 1632 2976 1664 2976 4 FUP_Start_AUF
x 80 3008 96 3008 4 18 Reset\sAUF
152 608 3200 704 3200 0 5 0 5
467 128 3056 160 3088 1 3 0 0 A1
I 192 3072 240 3072 0 0.5 5
w 160 3072 192 3072 0
w 240 3072 320 3072 0
w 320 3072 320 3168 0
w 320 3168 608 3168 0
467 128 3120 160 3152 1 8 0 0 A1
I 192 3136 240 3136 0 0.5 5
w 160 3136 192 3136 0
w 240 3136 352 3136 0
w 352 3136 352 3184 0
w 352 3184 608 3184 0
467 128 3184 160 3216 1 4 0 0 A1
w 160 3200 384 3200 0
w 384 3200 608 3200 0
467 128 3248 160 3280 1 2 0 0 A1
w 160 3264 416 3264 0
w 416 3264 416 3216 0
w 416 3216 608 3216 0
207 160 3328 128 3328 4 FUP_ZU
w 160 3328 448 3328 0
w 448 3328 448 3232 0
w 448 3232 608 3232 0
w 704 3200 768 3200 0
207 768 3200 800 3200 4 FUP_Reset_AUF
x 944 3136 960 3136 4 18 Speicher\sAUF\s-\sReset\shat\sVorrang
207 1120 3216 1088 3216 4 FUP_Start_AUF
207 1120 3248 1088 3248 4 FUP_Reset_AUF
437 1264 3200 1328 3264 7 0 4 4
w 1120 3216 1264 3216 0
w 1120 3248 1264 3248 0
w 1344 3216 1472 3216 0
w 1472 3216 1600 3216 0
468 1600 3200 1632 3232 1 1 0 0 A1
207 1472 3216 1504 3216 4 FUP_AUF
x 944 3344 960 3344 4 18 Start\sZU
150 1472 3600 1568 3600 0 6 0 5
467 992 3392 1024 3424 1 2 0 0 A1
w 1024 3408 1184 3408 0
w 1184 3408 1184 3552 0
w 1184 3552 1472 3552 0
467 992 3456 1024 3488 1 5 0 0 A1
I 1056 3472 1104 3472 0 0.5 5
w 1024 3472 1056 3472 0
w 1104 3472 1216 3472 0
w 1216 3472 1216 3568 0
w 1216 3568 1472 3568 0
467 992 3520 1024 3552 1 6 0 0 A1
w 1024 3536 1248 3536 0
w 1248 3536 1248 3584 0
w 1248 3584 1472 3584 0
467 992 3584 1024 3616 1 7 0 0 A1
w 1024 3600 1280 3600 0
w 1280 3600 1280 3616 0
w 1280 3616 1472 3616 0
467 992 3648 1024 3680 1 1 0 0 A1
I 1056 3664 1104 3664 0 0.5 5
w 1024 3664 1056 3664 0
w 1104 3664 1312 3664 0
w 1312 3664 1312 3632 0
w 1312 3632 1472 3632 0
207 1024 3728 992 3728 4 FUP_Freigabe
w 1024 3728 1344 3728 0
w 1344 3728 1344 3648 0
w 1344 3648 1472 3648 0
w 1568 3600 1632 3600 0
207 1632 3600 1664 3600 4 FUP_Start_ZU
x 80 3424 96 3424 4 18 Reset\sZU
152 608 3680 704 3680 0 7 0 5
467 128 3472 160 3504 1 3 0 0 A1
I 192 3488 240 3488 0 0.5 5
w 160 3488 192 3488 0
w 240 3488 320 3488 0
w 320 3488 320 3632 0
w 320 3632 608 3632 0
467 128 3536 160 3568 1 8 0 0 A1
I 192 3552 240 3552 0 0.5 5
w 160 3552 192 3552 0
w 240 3552 352 3552 0
w 352 3552 352 3648 0
w 352 3648 608 3648 0
467 128 3600 160 3632 1 5 0 0 A1
w 160 3616 384 3616 0
w 384 3616 384 3664 0
w 384 3664 608 3664 0
467 128 3664 160 3696 1 6 0 0 A1
I 192 3680 240 3680 0 0.5 5
w 160 3680 192 3680 0
w 240 3680 416 3680 0
w 416 3680 608 3680 0
467 128 3728 160 3760 1 7 0 0 A1
I 192 3744 240 3744 0 0.5 5
w 160 3744 192 3744 0
w 240 3744 448 3744 0
w 448 3744 448 3696 0
w 448 3696 608 3696 0
467 128 3792 160 3824 1 1 0 0 A1
w 160 3808 480 3808 0
w 480 3808 480 3712 0
w 480 3712 608 3712 0
207 160 3872 128 3872 4 FUP_AUF
w 160 3872 512 3872 0
w 512 3872 512 3728 0
w 512 3728 608 3728 0
w 704 3680 768 3680 0
207 768 3680 800 3680 4 FUP_Reset_ZU
x 944 3824 960 3824 4 18 Speicher\sZU\s-\sReset\shat\sVorrang
207 1120 3904 1088 3904 4 FUP_Start_ZU
207 1120 3936 1088 3936 4 FUP_Reset_ZU
437 1264 3888 1328 3952 7 0 4 4
w 1120 3904 1264 3904 0
w 1120 3936 1264 3936 0
w 1344 3904 1472 3904 0
w 1472 3904 1600 3904 0
468 1600 3888 1632 3920 1 2 0 0 A1
207 1472 3904 1504 3904 4 FUP_ZU
x 80 3968 96 3968 4 18 Fahrt
152 608 4096 704 4096 0 2 0 5
207 160 4032 128 4032 4 FUP_AUF
w 160 4032 320 4032 0
w 320 4032 320 4080 0
w 320 4080 608 4080 0
207 160 4096 128 4096 4 FUP_ZU
w 160 4096 352 4096 0
w 352 4096 352 4112 0
w 352 4112 608 4112 0
w 704 4096 768 4096 0
207 768 4096 800 4096 4 FUP_Fahrt
207 1120 4064 1088 4064 4 FUP_Fahrt
w 1120 4064 1312 4064 0
468 1312 4048 1344 4080 1 3 0 0 A1
x 944 4144 960 4144 4 18 Stoerung
152 1472 4272 1568 4272 0 3 0 5
467 992 4192 1024 4224 1 8 0 0 A1
I 1056 4208 1104 4208 0 0.5 5
w 1024 4208 1056 4208 0
w 1104 4208 1184 4208 0
w 1184 4208 1184 4256 0
w 1184 4256 1472 4256 0
467 992 4256 1024 4288 1 6 0 0 A1
I 1056 4272 1104 4272 0 0.5 5
w 1024 4272 1056 4272 0
w 1104 4272 1216 4272 0
w 1216 4272 1472 4272 0
467 992 4320 1024 4352 1 7 0 0 A1
I 1056 4336 1104 4336 0 0.5 5
w 1024 4336 1056 4336 0
w 1104 4336 1248 4336 0
w 1248 4336 1248 4288 0
w 1248 4288 1472 4288 0
w 1568 4272 1632 4272 0
207 1632 4272 1664 4272 4 FUP_Stoerung
207 256 4224 224 4224 4 FUP_Stoerung
w 256 4224 448 4224 0
468 448 4208 480 4240 1 4 0 0 A1
x 80 4304 96 4304 4 18 Rot
150 608 4432 704 4432 0 2 0 5
207 160 4368 128 4368 4 FUP_Fahrt
I 192 4368 240 4368 0 0.5 5
w 160 4368 192 4368 0
w 240 4368 320 4368 0
w 320 4368 320 4416 0
w 320 4416 608 4416 0
467 128 4416 160 4448 1 4 0 0 A1
I 192 4432 240 4432 0 0.5 5
w 160 4432 192 4432 0
w 240 4432 352 4432 0
w 352 4432 352 4448 0
w 352 4448 608 4448 0
w 704 4432 768 4432 0
207 768 4432 800 4432 4 FUP_Rot
207 1120 4464 1088 4464 4 FUP_Rot
w 1120 4464 1312 4464 0
468 1312 4448 1344 4480 1 5 0 0 A1
x 80 4528 96 4528 4 18 Gruen
150 608 4656 704 4656 0 2 0 5
207 160 4592 128 4592 4 FUP_Fahrt
I 192 4592 240 4592 0 0.5 5
w 160 4592 192 4592 0
w 240 4592 320 4592 0
w 320 4592 320 4640 0
w 320 4640 608 4640 0
467 128 4640 160 4672 1 4 0 0 A1
w 160 4656 352 4656 0
w 352 4656 352 4672 0
w 352 4672 608 4672 0
w 704 4656 768 4656 0
207 768 4656 800 4656 4 FUP_Gruen
207 1120 4576 1088 4576 4 FUP_Gruen
w 1120 4576 1312 4576 0
468 1312 4560 1344 4592 1 6 0 0 A1
x 944 4656 960 4656 4 18 Bereit
150 1472 4784 1568 4784 0 3 0 5
207 1024 4720 992 4720 4 FUP_Freigabe
w 1024 4720 1184 4720 0
w 1184 4720 1184 4768 0
w 1184 4768 1472 4768 0
467 992 4768 1024 4800 1 6 0 0 A1
w 1024 4784 1216 4784 0
w 1216 4784 1472 4784 0
467 992 4832 1024 4864 1 7 0 0 A1
w 1024 4848 1248 4848 0
w 1248 4848 1248 4800 0
w 1248 4800 1472 4800 0
w 1568 4784 1632 4784 0
207 1632 4784 1664 4784 4 FUP_Bereit
207 256 4784 224 4784 4 FUP_Bereit
w 256 4784 448 4784 0
468 448 4768 480 4800 1 7 0 0 A1
207 256 4896 224 4896 4 FUP_Stoerung
w 256 4896 448 4896 0
468 448 4880 480 4912 1 8 0 0 A1
b 32 2720 1648 5008 0
x 80 2752 96 2752 4 18 FUP\sA1\s-\sgleiche\sSignalnamen\ssind\sverbunden\s/\sKreuzung\sohne\sPunkt\s=\sgetrennt
