$ 257 0.00002 10.20027730826997 50 5 50
x 208 16 224 16 4 14 Pumpe-Beispiel\s-\sLOGIK-08\szwei\sRS\s+\sHand/Auto
438 16 80 80 176 0 230.0 50.0 U1
466 208 80 720 432 0 16 11 1 0 1
440 112 80 112 16 0 0 L1 #8B4513
440 112 16 256 16 0 0 L1 #8B4513
440 256 16 256 64 0 0 L1 #8B4513
440 112 80 112 432 0 0 L1 #8B4513
440 112 432 240 432 0 0 L1 #8B4513
440 240 432 240 416 0 0 L1 #8B4513
440 240 432 304 432 0 0 L1 #8B4513
440 304 432 304 416 0 0 L1 #8B4513
440 304 432 368 432 0 0 L1 #8B4513
440 368 432 368 416 0 0 L1 #8B4513
440 368 432 432 432 0 0 L1 #8B4513
440 432 432 432 416 0 0 L1 #8B4513
440 432 432 496 432 0 0 L1 #8B4513
440 496 432 496 416 0 0 L1 #8B4513
440 496 432 560 432 0 0 L1 #8B4513
440 560 432 560 416 0 0 L1 #8B4513
440 112 112 144 112 0 3 N #1E90FF
440 144 112 144 0 0 3 N #1E90FF
440 144 0 288 0 0 3 N #1E90FF
440 288 0 288 64 0 3 N #1E90FF
x 352 -168 368 -168 4 14 Geber\sder\sAnlage\s(HMI)\s-\sSPS-Eingaenge
469 352 64 352 0 0 0 40 230 0 0 0.5 I1 Taster\sEIN
469 400 64 400 0 0 0 40 230 0 0 0.5 I2 Taster\sAUS\sÖffner
469 448 64 448 0 0 0 40 230 0 0 0.5 I3 Sensor\sMin
469 496 64 496 0 0 0 40 230 0 0 0.5 I4 Sensor\sMax\sÖffner
469 544 64 544 0 0 0 40 230 0 0 0.5 I5 Trockenlauf\sÖffner
469 592 64 592 0 0 0 40 230 0 0 0.5 I6 Motorschutz\sF1\sÖffner
469 640 64 640 0 0 0 40 230 0 0 0.5 I7 Hand\s/\sAuto
469 688 64 688 0 0 0 40 230 0 0 0.5 I8 Not-Aus\sÖffner
x 48 448 64 448 4 14 Ausgaenge\sder\sAnlage\s(HMI)
440 272 416 272 768 0 0 L1 #8B4513
440 336 416 336 768 0 0 L1 #8B4513
440 400 416 400 768 0 0 L1 #8B4513
440 464 416 464 768 0 0 L1 #8B4513
440 528 416 528 768 0 0 L1 #8B4513
r 592 416 592 848 0 10000
470 272 416 272 464 4 Q1 Motor\s/\sPumpe
470 336 416 336 464 4 Q2 Meldeleuchte\sBetrieb
470 400 416 400 464 4 Q3 Meldeleuchte\sVoll
470 464 416 464 464 4 Q4 Hupe
470 528 416 528 464 4 Q5 Meldeleuchte\sMin
470 592 416 592 464 4 Q6 frei
x 240 704 256 704 4 14 Verbraucher\s(Q1–Q5)
454 240 784 288 832 0 3 3 K1 15.0 230.0
450 320 784 368 784 1 3 3 P1 60.0 230.0
450 384 784 432 784 1 3 3 P2 60.0 230.0
451 448 784 496 784 1 3 3 H1 8.0 230.0
450 512 784 560 784 1 3 3 P3 60.0 230.0
440 144 112 144 848 0 3 N #1E90FF
440 144 848 272 848 0 3 N #1E90FF
440 272 832 272 848 0 3 N #1E90FF
440 272 848 384 848 0 3 N #1E90FF
440 368 768 384 768 0 3 N #1E90FF
440 384 768 384 848 0 3 N #1E90FF
440 384 848 448 848 0 3 N #1E90FF
440 432 768 448 768 0 3 N #1E90FF
440 448 768 448 848 0 3 N #1E90FF
440 448 848 512 848 0 3 N #1E90FF
440 496 768 512 768 0 3 N #1E90FF
440 512 768 512 848 0 3 N #1E90FF
440 512 848 576 848 0 3 N #1E90FF
440 560 768 576 768 0 3 N #1E90FF
440 576 768 576 848 0 3 N #1E90FF
440 576 848 592 848 0 3 N #1E90FF
440 112 144 176 144 0 4 PE #228B22
440 176 144 176 736 0 4 PE #228B22
440 176 736 352 736 0 4 PE #228B22
440 352 736 352 768 0 4 PE #228B22
440 352 736 416 736 0 4 PE #228B22
440 416 736 416 768 0 4 PE #228B22
440 416 736 544 736 0 4 PE #228B22
440 544 736 544 768 0 4 PE #228B22
x 768 16 784 16 4 14 LOGIK-08\sBeispiel-FUP
467 768 64 800 96 1 1 0 0
467 768 112 800 144 1 2 0 0
467 768 160 800 192 1 3 0 0
467 768 208 800 240 1 4 0 0
467 768 256 800 288 1 5 0 0
467 768 304 800 336 1 6 0 0
467 768 352 800 384 1 7 0 0
467 768 400 800 432 1 8 0 0
I 800 128 848 128 0 0.5 5
I 800 224 848 224 0 0.5 5
I 800 272 848 272 0 0.5 5
I 800 320 848 320 0 0.5 5
I 800 368 848 368 0 0.5 5
I 800 416 848 416 0 0.5 5
x 1008 64 1024 64 4 12 Reset\sBetrieb
152 1008 96 1104 96 0 2 0 5
x 1152 48 1168 48 4 12 RS\sBetrieb
437 1152 64 1200 128 7 0 3 4
x 1152 176 1168 176 4 12 RS\sFuellen
437 1152 192 1200 256 7 0 3 4
x 1280 48 1296 48 4 12 Hand/Auto
150 1280 128 1376 128 0 3 0 5
150 1280 240 1376 240 0 2 0 5
152 1424 176 1520 176 0 2 0 5
x 1584 128 1600 128 4 12 Freigabe
150 1584 176 1680 176 0 4 0 5
x 1280 352 1296 352 4 12 Meldeleuchten
152 1280 384 1376 384 0 3 0 5
468 1712 160 1744 192 1 1 0 0
468 1712 224 1744 256 1 2 0 0
468 1712 304 1744 336 1 3 0 0
468 1440 368 1472 400 1 4 0 0
468 1712 432 1744 464 1 5 0 0
468 1712 496 1744 528 1 6 0 0
w 848 128 848 80 0
w 848 80 1008 80 0
w 848 416 992 416 0
w 992 416 992 112 0
w 992 112 1008 112 0
w 1104 96 1104 112 0
w 1104 112 1152 112 0
w 800 80 1152 80 0
w 800 80 800 32 0
w 800 32 1264 32 0
w 1264 32 1264 224 0
w 1264 224 1280 224 0
w 800 176 880 176 0
w 880 176 1120 176 0
w 1120 176 1120 208 0
w 1120 208 1152 208 0
w 880 176 880 448 0
w 880 448 1712 448 0
w 848 224 1088 224 0
w 1088 224 1120 224 0
w 1120 224 1120 240 0
w 1120 240 1152 240 0
w 1088 224 1088 320 0
w 1088 320 1712 320 0
w 1216 80 1216 112 0
w 1216 112 1280 112 0
w 1216 208 1248 208 0
w 1248 208 1248 128 0
w 1248 128 1280 128 0
w 800 368 752 368 0
w 752 368 752 144 0
w 752 144 1280 144 0
w 848 368 1200 368 0
w 1200 368 1200 256 0
w 1200 256 1280 256 0
w 1376 128 1376 160 0
w 1376 160 1424 160 0
w 1376 240 1376 192 0
w 1376 192 1424 192 0
w 1520 176 1520 144 0
w 1520 144 1584 144 0
w 800 272 744 272 0
w 744 272 744 16 0
w 744 16 1568 16 0
w 1568 16 1568 160 0
w 1568 160 1584 160 0
w 800 320 744 320 0
w 744 320 744 480 0
w 744 480 1568 480 0
w 1568 480 1568 192 0
w 1568 192 1584 192 0
w 800 416 752 416 0
w 752 416 752 544 0
w 752 544 1552 544 0
w 1552 544 1552 208 0
w 1552 208 1584 208 0
w 1680 176 1712 176 0
w 1680 176 1680 240 0
w 1680 240 1712 240 0
w 848 272 1056 272 0
w 1056 272 1056 368 0
w 1056 368 1280 368 0
w 848 320 1072 320 0
w 1072 320 1072 384 0
w 1072 384 1280 384 0
w 992 416 1040 416 0
w 1040 416 1040 400 0
w 1040 400 1280 400 0
w 1376 384 1440 384 0
