$ 1 0.00002 40 50 5.0
438 16 80 80 176 0 230.0 50.0 U1
466 208 80 592 432 0 12 11 0 0
448 294 -48 358 48 0 1 true 64 96 S1
449 640 448 832 448 0 6 5 E1 60.0 230.0
467 256 512 288 544 1 1
468 400 512 432 544 1 1
x 256 480 432 480 1 16 FUP
440 112 80 112 64 0 0 L1 #8B4513
440 112 64 256 64 0 0 L1 #8B4513
440 144 112 144 64 0 3 N #1E90FF
440 144 64 288 64 0 3 N #1E90FF
440 112 80 328 80 0 0 L1 #8B4513
440 328 80 328 -64 0 0 L1 #8B4513
440 328 64 326 64 0 0 L1 #8B4513
440 112 80 112 416 0 0 L1 #8B4513
440 112 416 270 416 0 0 L1 #8B4513
440 310 416 672 416 0 0 L1 #8B4513
440 832 416 832 112 0 3 N #1E90FF
440 832 112 144 112 0 3 N #1E90FF
w 304 520 400 520 0
