$ 257 0.00002 10.20027730826997 50 5 50
x 48 32 64 32 4 14 Pumpenanlage:\sHauptstromkreis\s/\sSteuerstromkreis\s/\sFUP
b 32 96 1424 880 0
x 48 128 64 128 4 22 Hauptstromkreis\s-\s400\sV\sDrehstrom
x 816 256 832 256 4 14 U1\s->\sF1\s->\sQ1\s->\sM1
x 816 288 832 288 4 14 M1:\s1,5\skW\s/\sSternschaltung
x 816 320 832 320 4 14 Q1:\sLeistungskontakte
x 816 352 832 352 4 14 Spule\sQ1\sim\sSteuerstromkreis
439 48 192 112 352 0 230 50 U1
481 544 224 672 352 1 8 8 F1 3.4 5 13 true
455 560 432 672 496 1 7 4 Q1
459 624 608 624 752 0 .435 .816 .0294 .0297 .0287 .08 .02 M1 1.5 .8
b 32 912 1424 2144 0
x 208 944 224 944 4 22 Steuerstromkreis\s-\s230\sV\sAC
x 208 976 224 976 4 14 S4\sEIN\s/\sS5\sAUS\s/\sB1\sMIN\s/\sB2\sMAX\s/\sB3\sBrunnen\s/\sF1\s/\sS7\sAuto\s/\sS0\sNot-Aus
448 208 1056 272 1120 0 1 true 64 64 S4 EIN
448 336 1056 400 1120 262144 1 true 64 64 S5 AUS
484 496 1056 544 1120 1 3 4 B1 Minimum 0 20 2 false false
484 656 1056 704 1120 3 3 4 B2 Maximum 1 90 2 false false
484 816 1056 864 1120 3 3 4 B3 Brunnen 2 0 0 false false
485 976 1056 1024 1120 3 3 4 F1 Schutzmeldung
444 1104 1056 1168 1120 0 0 false 64 64 S7 Auto
486 1248 1056 1312 1120 262144 1 false 64 64 S0 Not-Aus
466 304 1344 816 1696 0 16 11 1 0 1 A1
x 208 1888 224 1888 4 14 230-V-Lasten:\sSpule\sQ1\s/\sP3\sBetrieb\s/\sP4\sVoll\s/\sP5\sMin\s/\sP1\sBereit\s/\sP2\sStoerung\s/\sH1
454 208 1952 256 2000 1 3 3 Q1 15 230
450 336 1952 384 2000 81921 3 3 P3 3 230 Betrieb
450 464 1952 512 2000 81921 3 3 P4 3 230 Voll
450 592 1952 640 2000 81921 3 3 P5 3 230 Minimum
450 720 1952 768 2000 81921 3 3 P1 3 230 Bereit
450 848 1952 896 2000 81921 3 3 P2 3 230 Stoerung
451 976 1952 1024 2000 1 3 3 H1 8 230 Hupe
b 32 2208 1424 2944 0
x 48 2240 64 2240 4 22 FUP\s-\sProgramm\sder\sSPS\sA1
440 160 192 176 192 0 0 L1 #8B4513
440 176 192 176 160 0 0 L1 #8B4513
440 176 160 576 160 0 0 L1 #8B4513
440 576 160 576 208 0 0 L1 #8B4513
440 576 352 576 384 0 0 L1 #8B4513
440 576 384 592 384 0 0 L1 #8B4513
440 592 384 592 416 0 0 L1 #8B4513
440 592 496 592 608 0 0 L1 #8B4513
440 592 752 592 832 0 0 L1 #8B4513
440 144 224 192 224 0 1 L2 #0A0A0A
440 192 224 192 176 0 1 L2 #0A0A0A
440 192 176 624 176 0 1 L2 #0A0A0A
440 624 176 624 208 0 1 L2 #0A0A0A
440 624 352 624 384 0 1 L2 #0A0A0A
440 624 384 624 416 0 1 L2 #0A0A0A
440 624 496 624 608 0 1 L2 #0A0A0A
440 624 752 624 832 0 0 L1 #8B4513
440 144 256 208 256 0 2 L3 #808080
440 208 256 208 192 0 2 L3 #808080
440 208 192 672 192 0 2 L3 #808080
440 672 192 672 208 0 2 L3 #808080
440 672 352 672 384 0 2 L3 #808080
440 672 384 656 384 0 2 L3 #808080
440 656 384 656 416 0 2 L3 #808080
440 656 496 656 608 0 2 L3 #808080
440 656 752 656 832 0 0 L1 #8B4513
440 592 832 624 832 0 0 L1 #8B4513
440 624 832 656 832 0 0 L1 #8B4513
440 144 192 160 192 0 0 L1 #8B4513
440 160 192 160 992 0 0 L1 #8B4513
440 144 288 176 288 0 3 N #1E90FF
440 176 288 176 1312 0 3 N #1E90FF
440 160 992 240 992 0 0 L1 #8B4513
440 240 992 368 992 0 0 L1 #8B4513
440 368 992 528 992 0 0 L1 #8B4513
440 528 992 688 992 0 0 L1 #8B4513
440 688 992 848 992 0 0 L1 #8B4513
440 848 992 1008 992 0 0 L1 #8B4513
440 1008 992 1136 992 0 0 L1 #8B4513
440 1136 992 1280 992 0 0 L1 #8B4513
440 240 992 240 1040 0 0 L1 #8B4513
440 240 1136 240 1168 0 0 L1 #8B4513
440 240 1168 448 1168 0 0 L1 #8B4513
440 448 1168 448 1328 0 0 L1 #8B4513
440 368 992 368 1040 0 0 L1 #8B4513
440 368 1136 368 1184 0 0 L1 #8B4513
440 368 1184 496 1184 0 0 L1 #8B4513
440 496 1184 496 1328 0 0 L1 #8B4513
440 528 992 528 1040 0 0 L1 #8B4513
440 528 1120 528 1200 0 0 L1 #8B4513
440 528 1200 544 1200 0 0 L1 #8B4513
440 544 1200 544 1328 0 0 L1 #8B4513
440 688 992 688 1040 0 0 L1 #8B4513
440 688 1120 688 1216 0 0 L1 #8B4513
440 688 1216 592 1216 0 0 L1 #8B4513
440 592 1216 592 1328 0 0 L1 #8B4513
440 848 992 848 1040 0 0 L1 #8B4513
440 848 1120 848 1232 0 0 L1 #8B4513
440 848 1232 640 1232 0 0 L1 #8B4513
440 640 1232 640 1328 0 0 L1 #8B4513
440 1008 992 1008 1040 0 0 L1 #8B4513
440 1008 1120 1008 1248 0 0 L1 #8B4513
440 1008 1248 688 1248 0 0 L1 #8B4513
440 688 1248 688 1328 0 0 L1 #8B4513
440 1136 992 1136 1040 0 0 L1 #8B4513
440 1136 1136 1136 1264 0 0 L1 #8B4513
440 1136 1264 736 1264 0 0 L1 #8B4513
440 736 1264 736 1328 0 0 L1 #8B4513
440 1280 992 1280 1040 0 0 L1 #8B4513
440 1280 1136 1280 1280 0 0 L1 #8B4513
440 1280 1280 784 1280 0 0 L1 #8B4513
440 784 1280 784 1328 0 0 L1 #8B4513
440 160 992 160 1296 0 0 L1 #8B4513
440 160 1296 352 1296 0 0 L1 #8B4513
440 352 1296 352 1328 0 0 L1 #8B4513
440 176 1312 384 1312 0 3 N #1E90FF
440 384 1312 384 1328 0 3 N #1E90FF
440 176 1312 176 2096 0 3 N #1E90FF
440 160 1296 160 1728 0 0 L1 #8B4513
440 160 1728 336 1728 0 0 L1 #8B4513
440 336 1728 400 1728 0 0 L1 #8B4513
440 400 1728 464 1728 0 0 L1 #8B4513
440 464 1728 528 1728 0 0 L1 #8B4513
440 528 1728 592 1728 0 0 L1 #8B4513
440 592 1728 720 1728 0 0 L1 #8B4513
440 720 1728 784 1728 0 0 L1 #8B4513
440 336 1728 336 1680 0 0 L1 #8B4513
440 400 1728 400 1680 0 0 L1 #8B4513
440 464 1728 464 1680 0 0 L1 #8B4513
440 528 1728 528 1680 0 0 L1 #8B4513
440 592 1728 592 1680 0 0 L1 #8B4513
440 720 1728 720 1680 0 0 L1 #8B4513
440 784 1728 784 1680 0 0 L1 #8B4513
440 368 1680 368 1760 0 0 L1 #8B4513
440 368 1760 240 1760 0 0 L1 #8B4513
440 240 1760 240 1936 0 0 L1 #8B4513
440 432 1680 432 1776 0 0 L1 #8B4513
440 432 1776 368 1776 0 0 L1 #8B4513
440 368 1776 368 1936 0 0 L1 #8B4513
440 496 1680 496 1792 0 0 L1 #8B4513
440 496 1792 496 1936 0 0 L1 #8B4513
440 560 1680 560 1808 0 0 L1 #8B4513
440 560 1808 992 1808 0 0 L1 #8B4513
440 992 1808 992 1936 0 0 L1 #8B4513
440 624 1680 624 1824 0 0 L1 #8B4513
440 624 1824 624 1936 0 0 L1 #8B4513
440 752 1680 752 1840 0 0 L1 #8B4513
440 752 1840 752 1936 0 0 L1 #8B4513
440 816 1680 816 1856 0 0 L1 #8B4513
440 816 1856 880 1856 0 0 L1 #8B4513
440 880 1856 880 1936 0 0 L1 #8B4513
440 176 2096 240 2096 0 3 N #1E90FF
440 240 2096 368 2096 0 3 N #1E90FF
440 368 2096 496 2096 0 3 N #1E90FF
440 496 2096 624 2096 0 3 N #1E90FF
440 624 2096 752 2096 0 3 N #1E90FF
440 752 2096 880 2096 0 3 N #1E90FF
440 880 2096 1024 2096 0 3 N #1E90FF
440 240 2000 240 2096 0 3 N #1E90FF
440 368 2000 368 2096 0 3 N #1E90FF
440 496 2000 496 2096 0 3 N #1E90FF
440 624 2000 624 2096 0 3 N #1E90FF
440 752 2000 752 2096 0 3 N #1E90FF
440 880 2000 880 2096 0 3 N #1E90FF
440 1024 1936 1024 2096 0 3 N #1E90FF
x 128 2272 144 2272 4 14 LOGIK-08\sBeispiel-FUP
467 128 2320 160 2352 1 1 0 0 A1
467 128 2368 160 2400 1 2 0 0 A1
467 128 2416 160 2448 1 3 0 0 A1
467 128 2464 160 2496 1 4 0 0 A1
467 128 2512 160 2544 1 5 0 0 A1
467 128 2560 160 2592 1 6 0 0 A1
467 128 2608 160 2640 1 7 0 0 A1
467 128 2656 160 2688 1 8 0 0 A1
I 160 2384 208 2384 0 0.5 5
I 160 2480 208 2480 0 0.5 5
I 160 2528 208 2528 0 0.5 5
I 160 2576 208 2576 0 0.5 5
I 160 2624 208 2624 0 0.5 5
I 160 2672 208 2672 0 0.5 5
x 368 2320 384 2320 4 12 Reset\sBetrieb
152 368 2352 464 2352 0 2 0 5
x 512 2304 528 2304 4 12 RS\sBetrieb
437 512 2320 560 2384 7 0 3 4
x 512 2432 528 2432 4 12 RS\sFuellen
437 512 2448 560 2512 7 0 3 4
x 640 2304 656 2304 4 12 Hand/Auto
150 640 2384 736 2384 0 3 0 5
150 640 2496 736 2496 0 2 0 5
152 784 2432 880 2432 0 2 0 5
x 944 2384 960 2384 4 12 Freigabe
150 944 2432 1040 2432 0 4 0 5
x 640 2608 656 2608 4 12 Meldeleuchten
152 640 2640 736 2640 0 3 0 5
468 1072 2416 1104 2448 1 1 0 0 A1
468 1072 2480 1104 2512 1 2 0 0 A1
468 1072 2560 1104 2592 1 3 0 0 A1
468 800 2624 832 2656 1 4 0 0 A1
468 1072 2688 1104 2720 1 5 0 0 A1
468 1072 2752 1104 2784 1 6 0 0 A1
w 208 2384 208 2336 0
w 208 2336 368 2336 0
w 208 2672 352 2672 0
w 352 2672 352 2368 0
w 352 2368 368 2368 0
w 464 2352 464 2368 0
w 464 2368 512 2368 0
w 160 2336 512 2336 0
w 160 2336 160 2288 0
w 160 2288 624 2288 0
w 624 2288 624 2480 0
w 624 2480 640 2480 0
w 160 2432 240 2432 0
w 240 2432 480 2432 0
w 480 2432 480 2464 0
w 480 2464 512 2464 0
w 240 2432 240 2704 0
w 240 2704 1072 2704 0
w 208 2480 448 2480 0
w 448 2480 480 2480 0
w 480 2480 480 2496 0
w 480 2496 512 2496 0
w 448 2480 448 2576 0
w 448 2576 1072 2576 0
w 576 2336 576 2368 0
w 576 2368 640 2368 0
w 576 2464 608 2464 0
w 608 2464 608 2384 0
w 608 2384 640 2384 0
w 160 2624 112 2624 0
w 112 2624 112 2400 0
w 112 2400 640 2400 0
w 208 2624 560 2624 0
w 560 2624 560 2512 0
w 560 2512 640 2512 0
w 736 2384 736 2416 0
w 736 2416 784 2416 0
w 736 2496 736 2448 0
w 736 2448 784 2448 0
w 880 2432 880 2400 0
w 880 2400 944 2400 0
w 160 2528 104 2528 0
w 104 2528 104 2272 0
w 104 2272 928 2272 0
w 928 2272 928 2416 0
w 928 2416 944 2416 0
w 160 2576 104 2576 0
w 104 2576 104 2736 0
w 104 2736 928 2736 0
w 928 2736 928 2448 0
w 928 2448 944 2448 0
w 160 2672 112 2672 0
w 112 2672 112 2800 0
w 112 2800 912 2800 0
w 912 2800 912 2464 0
w 912 2464 944 2464 0
w 1040 2432 1072 2432 0
w 1040 2432 1040 2496 0
w 1040 2496 1072 2496 0
w 208 2528 416 2528 0
w 416 2528 416 2624 0
w 416 2624 640 2624 0
w 208 2576 432 2576 0
w 432 2576 432 2640 0
w 432 2640 640 2640 0
w 352 2672 400 2672 0
w 400 2672 400 2656 0
w 400 2656 640 2656 0
w 736 2640 800 2640 0
I 832 2832 880 2832 0 0.5 5
468 944 2816 976 2848 1 7 0 0 A1
468 800 2864 832 2896 1 8 0 0 A1
w 736 2640 768 2640 0
w 768 2640 768 2832 0
w 768 2832 832 2832 0
w 880 2832 944 2832 0
w 768 2832 768 2880 0
w 768 2880 800 2880 0
