$ 257 0.00002 10.20027730826997 50 5 50
x 48 32 64 32 4 22 Rolltor:\s400\sV\sHauptstromkreis\s/\s230\sV\sSteuerstromkreis
b 32 96 1648 912 0
x 48 128 64 128 4 22 Hauptstromkreis\s-\sWendeschaltung
439 48 192 112 352 0 230 50 U1
481 640 224 768 352 1 8 8 F1 3.4 5 13 true
455 432 448 544 512 1 7 4 Q1
455 912 448 1024 512 1 7 4 Q2
459 704 640 704 784 0 .435 .816 .0294 .0297 .0287 .08 .02 M1 1.5 .8
x 432 416 448 416 4 14 Q1\sAUF
x 912 416 928 416 4 14 Q2\sZU\s-\sL1/L3\svertauscht
x 1168 640 1184 640 4 14 M1:\s1,5\skW\s/\sStern
x 1168 672 1184 672 4 14 Spulen\s+\sVerriegelung\sim\sSteuerkreis
b 32 944 1648 2688 0
x 48 976 64 976 4 22 Steuerstromkreis\s-\s230\sV\sAC
x 48 1008 64 1008 4 14 I3\sSTOP,\sI6\sLichtschranke,\sI7\sLeiste\sund\sI8\sNot-Aus:\s1\s=\sfreigegeben
448 176 1104 240 1168 0 1 true 64 64 S4 AUF
448 336 1104 400 1168 0 1 true 64 64 S5 ZU
448 496 1104 560 1168 262144 1 true 64 64 S6 STOP
487 672 1104 720 1168 1 3 4 S1 Oben 0 99.5 1 false false
487 832 1104 880 1168 1 3 4 S2 Unten 1 .5 1 false false
488 1008 1104 1056 1168 1 3 4 B1 Lichtschranke 0 0 0 false false
487 1216 1104 1264 1168 3 3 4 B2 Leiste 2 0 0 false false
486 1424 1104 1488 1168 262144 1 false 64 64 S0 Not-Aus
466 432 1488 944 1840 0 16 11 1 0 1 A1
x 176 2048 192 2048 4 14 Spulen\sQ1/Q2:\s230\sV\sAC,\selektrisch\sgegenseitig\sverriegelt
456 208 2144 256 2208 3 3 4 Q2 2
456 384 2144 432 2208 3 3 4 Q1 2
454 208 2288 256 2336 1 3 3 Q1 15 230
454 384 2288 432 2336 1 3 3 Q2 15 230
485 64 2400 112 2464 3 3 4 F1 Schutzmeldung
450 560 2288 608 2336 81921 3 3 P3 3 230 Fahrt
450 736 2288 784 2336 81921 3 3 P4 3 230 Stoerung
450 912 2288 960 2336 81921 3 3 P5 3 230 Rot
450 1088 2288 1136 2336 81921 3 3 P6 3 230 Gruen
450 1264 2288 1312 2336 81921 3 3 P1 3 230 Bereit
450 1440 2288 1488 2336 81921 3 3 P2 3 230 Stoerung
451 736 2512 784 2560 1 3 3 H1 8 230 Hupe
x 80 2768 96 2768 4 22 FUP\sselbst\serstellen\s-\sOperanden\sgehoeren\szu\sA1
467 128 2848 160 2880 1 1 0 0 A1
468 1104 2848 1136 2880 1 1 0 0 A1
467 128 2912 160 2944 1 2 0 0 A1
468 1104 2912 1136 2944 1 2 0 0 A1
467 128 2976 160 3008 1 3 0 0 A1
468 1104 2976 1136 3008 1 3 0 0 A1
467 128 3040 160 3072 1 4 0 0 A1
468 1104 3040 1136 3072 1 4 0 0 A1
467 128 3104 160 3136 1 5 0 0 A1
468 1104 3104 1136 3136 1 5 0 0 A1
467 128 3168 160 3200 1 6 0 0 A1
468 1104 3168 1136 3200 1 6 0 0 A1
467 128 3232 160 3264 1 7 0 0 A1
468 1104 3232 1136 3264 1 7 0 0 A1
467 128 3296 160 3328 1 8 0 0 A1
468 1104 3296 1136 3328 1 8 0 0 A1
